%YAML:1.0
---
cameraMatrix: !!opencv-matrix
   rows: 3
   cols: 3
   dt: d
   data: [ 1.6083548512574564e+03, 0., 9.5768879990391019e+02, 0.,
       1.6231295176084357e+03, 5.4020120397127823e+02, 0., 0., 1. ]
