%YAML:1.0
---
distCoeffs: !!opencv-matrix
   rows: 1
   cols: 5
   dt: d
   data: [ 1.3001247304504936e-02, 2.4036917776999855e+00,
       -2.0580865051340106e-02, 7.9954935627150328e-04,
       -1.1260134130465518e+01 ]
